[gd_scene format=3 uid="uid://bkm77cg2ca1no"]

[ext_resource type="PackedScene" uid="uid://cnyha7j8gdx03" path="res://scenes/player.tscn" id="1_rapvc"]
[ext_resource type="Script" uid="uid://ob6kpnnneepf" path="res://scenes/level_generator.gd" id="2_sp6hj"]
[ext_resource type="Script" uid="uid://dp65yn2l58f6y" path="res://scripts/mandatory_room.gd" id="3_1eqve"]
[ext_resource type="PackedScene" uid="uid://bvf0l4t2kcxi5" path="res://scenes/tiles/basic_floor.tscn" id="3_v30vs"]
[ext_resource type="PackedScene" uid="uid://bkm5uyeb16j67" path="res://scenes/placeholder/placeholderroom.tscn" id="3_wnehw"]
[ext_resource type="PackedScene" uid="uid://txoahdybgw01" path="res://scenes/tiles/basic_wall.tscn" id="4_1eqve"]
[ext_resource type="PackedScene" uid="uid://cvl24qop3s56h" path="res://scenes/placeholder/gas_placeholder.tscn" id="5_1eqve"]
[ext_resource type="PackedScene" uid="uid://cbkeaygqfvg56" path="res://scenes/placeholder/enemy_placeholder.tscn" id="8_1m8nx"]
[ext_resource type="PackedScene" uid="uid://dvtbga5saiwf2" path="res://scenes/placeholder/boss_placeholder.tscn" id="9_3auog"]

[sub_resource type="ProceduralSkyMaterial" id="ProceduralSkyMaterial_lp8i1"]
sky_horizon_color = Color(0.66224277, 0.6717428, 0.6867428, 1)
ground_horizon_color = Color(0.66224277, 0.6717428, 0.6867428, 1)

[sub_resource type="Sky" id="Sky_1m8nx"]
sky_material = SubResource("ProceduralSkyMaterial_lp8i1")

[sub_resource type="Environment" id="Environment_3auog"]
background_mode = 2
sky = SubResource("Sky_1m8nx")
tonemap_mode = 2

[sub_resource type="Resource" id="Resource_rapvc"]
script = ExtResource("3_1eqve")
width = 2
height = 3
metadata/_custom_type_script = "uid://dp65yn2l58f6y"

[sub_resource type="Resource" id="Resource_sp6hj"]
script = ExtResource("3_1eqve")
type = 1
width = 2
height = 2
metadata/_custom_type_script = "uid://dp65yn2l58f6y"

[node name="LvlGen" type="Node3D" unique_id=783191225]

[node name="WorldEnvironment" type="WorldEnvironment" parent="." unique_id=2046945400]
environment = SubResource("Environment_3auog")

[node name="DirectionalLight3D" type="DirectionalLight3D" parent="." unique_id=924729503]
transform = Transform3D(-0.8660254, -0.43301278, 0.25, 0, 0.49999997, 0.86602545, -0.50000006, 0.75, -0.43301266, 0, 0, 0)
shadow_enabled = true

[node name="Player" parent="." unique_id=155048425 instance=ExtResource("1_rapvc")]
<<<<<<< Updated upstream
transform = Transform3D(0.86788684, 0, 0.49676192, 0, 1, 0, -0.49676192, 0, 0.86788684, 0, 33.732307, 0)
gravity = 0.0
=======
transform = Transform3D(0.86788684, 0, 0.49676192, 0, 1, 0, -0.49676192, 0, 0.86788684, 0, 15.271553, 0)
>>>>>>> Stashed changes

[node name="Node3D" type="Node3D" parent="." unique_id=160167784]
script = ExtResource("2_sp6hj")
mandatory_rooms = Array[ExtResource("3_1eqve")]([SubResource("Resource_rapvc"), SubResource("Resource_rapvc"), SubResource("Resource_rapvc"), SubResource("Resource_sp6hj")])
placeholder_visual = ExtResource("3_wnehw")
placeholder_gas = ExtResource("5_1eqve")
floor_tile = ExtResource("3_v30vs")
wall_tile = ExtResource("4_1eqve")
gas_ratio = 0.4
enemy_min_distance = 3
enemy_placeholder = ExtResource("8_1m8nx")
boss_placeholder = ExtResource("9_3auog")
